36.41
681.77
-1172.08
534.73
451.46
965.79
595.01
-743.23
63.56
1869.59
1159.89
444.16
-1123.48
-332.73
136.13
-407.48
63.31
-986.30
-82.83
-1425.91
-75.55
96.76
-651.18
162.95
166.74
-389.56
797.32
-640.31
136.16
544.02
26.85
523.27
116.73
907.11
-803.21
-55.86
271.51
459.77
79.71
-49.69
-206.73
1148.00
-204.28
-472.96
-330.91
467.39
-83.82
548.36
1802.51
936.04
243.59
283.40
1067.09
1462.31
107.77
54.92
-183.33
-851.80
316.23
606.33
-165.89
600.52
-1000.05
938.19
846.23
196.93
1280.42
131.60
-780.40
99.28
706.84
153.32
691.27
-406.39
-17841.30
70.64
276.70
644.26
1094.38
384.35
-24.31
257.06
349.50
-362.68
-3529.49
-220.44
88.46
479.12
-418.26
201.81
-155.18
691.75
29.89
-586.06
177.71
-891.59
-253.76
-315.18
844.21
469.01
252.33
-22.79
938.06
253.29
39.01
1042.79
438.78
562.63
-120.25
-229.94
285.13
-1233.88
41.70
-405.77
-704.38
737.20
-200.35
-1447.78
-449.62
621.95
-83.53
-98.04
1003.36
378.31
65.20
616.29
351.34
2090.16
695.77
715.37
1092.70
-411.88
1325.92
504.33
1112.37
96.56
1017.96
-44.20
-98.97
91.49
-956.77
236.47
-535.03
-485.31
-404.28
1383.65
684.72
-804.59
-41.67
869.10
-379.58
-1178.73
97.57
-1374.67
63.34
124.24
-53.67
832.86
-101.92
-175.57
-1466.54
154.16
123.51
-254.96
332.90
-303.95
139.56
371.56
166.23
-145.44
1220.93
1059.92
-234.69
1738.23
415.99
9.06
199.75
-123.70
51.89
-749.05
572.61
1219.39
309.33
-1168.90
244.77
-929.21
-1056.29
-246.61
476.29
-439.43
139.61
646.25
-66.87
79.50
346.90
373.32
-374.70
-536.36
-182.25
548.54
